GC_TYPE,HEAP_BEFORE,HEAP_AFTER,TIME_TAKEN_ISOLATES
Incremental,266.065,13.291,0.0231113
Full,287.213,194.539,0.0196863
Full,456.731,370.074,0.0191435
Incremental,671.179,623.433,0.0097121
Incremental,891.897,872.824,0.0081620
Full,1197.18,612.762,0.0486080
Incremental,889.673,880.457,0.0060570
Incremental,1176.66,1167.44,0.0058882
Incremental,1450.5,1443.33,0.0062510
Incremental,1769.66,1760.45,0.0090095
Incremental,2039.09,1793.21,0.0658232
Full,2055.39,81.522,0.1254477
Incremental,371.914,269.991,0.0132704
Incremental,532.311,303.779,0.0194761
Incremental,576.339,522.322,0.0093448
Incremental,830.21,765.697,0.0089593
Incremental,1033.18,948.83,0.0168029
Incremental,1235.73,1145.44,0.0220012
Full,1408.53,360.858,0.1111965
Incremental,676.088,650.487,0.0277263
Incremental,932.518,926.374,0.0106593
Incremental,1227.22,991.91,0.0285182
Incremental,1258.08,1095.66,0.0822583
Full,1369.1,5.099,0.2027483
Incremental,273.402,111.568,0.0225412
Incremental,381.742,335.662,0.0107732
Incremental,627.55,505.052,0.0140350
Incremental,792.076,702.68,0.0135988
Incremental,1001.4,866.52,0.0447637
Incremental,1133.58,1064.58,0.0087723
Incremental,1379.98,1375.88,0.0154118
Incremental,1652.63,1646.48,0.0103283
Incremental,1946.31,1646.48,0.0477941
Full,1924.14,21.483,0.3590204
Incremental,287.65,149.807,0.0441905
Incremental,431.683,311.005,0.0189229
Incremental,583.342,521.356,0.0138769
Incremental,804.002,647.978,0.0258023
Incremental,919.211,893.738,0.0119416
Incremental,1193.44,1005.78,0.0421795
Incremental,1272.07,1158.79,0.0434565
Incremental,1456.06,1401.91,0.0250240
Incremental,1721.78,1532.98,0.0332450
Incremental,1801.53,1541.17,0.0555600
Incremental,1815.21,1639.48,0.0216409
Full,1925.77,37.867,0.1882737
Incremental,328.259,209.872,0.0184405
Incremental,517.807,437.166,0.0148184
Incremental,738.863,650.158,0.0161181
Incremental,916.108,891.655,0.0103331
Incremental,1165.02,1074.6,0.0155396
Incremental,1361.58,1301.42,0.0186664
Incremental,1568.39,1446.23,0.0698248
Incremental,1762.82,1642.84,0.0474591
Full,1915.26,37.867,0.3315145
Incremental,333.513,103.403,0.0358371
Incremental,377.277,209.872,0.0222323
Incremental,487.89,424.397,0.0164943
Incremental,724.266,681.258,0.0074310
Incremental,981,938.119,0.0103551
Incremental,1210.76,1107.51,0.0159400
Incremental,1381.46,1339.61,0.0125645
Incremental,1640.45,1550.04,0.0189174
Incremental,1849.78,1727.62,0.0166682
Incremental,2041.14,1858.69,0.0365809
Incremental,2150.01,1989.77,0.0191865
Incremental,2257.16,2074.41,0.0328048
Incremental,2352.28,2107.18,0.0328105
Incremental,2403.98,2369.29,0.0127322
Incremental,2661.26,2568.81,0.0160273
Full,2837.53,280.986,0.2014501
Incremental,580.936,458.569,0.0320220
Incremental,754.796,656.201,0.0176030
Incremental,964.566,784.631,0.0353786
Incremental,1068.58,962.214,0.0307747
Incremental,1229.51,1046.86,0.0412876
Incremental,1316.94,1210.7,0.0366566
Full,1485.46,21.483,0.1724499
Incremental,285.278,166.298,0.0139147
Incremental,462.861,316.476,0.0194449
Incremental,598.798,465.98,0.0202965
Incremental,814.524,767.543,0.0127234
Incremental,1057.51,947.767,0.0188272
Incremental,1226.56,1171.86,0.0147858
Incremental,1439.17,1324.87,0.0160965
Incremental,1604.26,1502.45,0.0152097
Incremental,1793.77,1600.75,0.0348291
Incremental,1894.35,1666.29,0.0297574
Full,1930.41,24.205,0.2828785
Incremental,330.423,155.277,0.0261314
Incremental,420.945,331.135,0.0107150
Incremental,610.082,539.677,0.0180669
Incremental,859.165,850.973,0.0079889
Incremental,1113.82,1102.55,0.0083180
Incremental,1373.49,1184.47,0.0614556
Incremental,1467.27,1331.93,0.0463581
Incremental,1603.45,1482.11,0.0299632
Incremental,1799.72,1613.18,0.0675939
Full,1885.6,24.205,0.2334840
Incremental,290.371,127.952,0.0228283
Incremental,416.089,261.746,0.0218138
Incremental,564.56,393.838,0.0232238
Incremental,666.817,544.016,0.0192227
Incremental,849.041,822.544,0.0117414
Incremental,1106.78,1098.59,0.0083180
Incremental,1401.4,1262.43,0.0188584
Incremental,1536.9,1393.58,0.0192084
Incremental,1711.2,1571.17,0.0812378
Full,1835.96,21.483,0.3324976
Incremental,344.67,204.429,0.0386765
Incremental,476.846,204.429,0.0307914
Incremental,490.725,270.045,0.0348447
Incremental,539.406,393.945,0.0303825
Incremental,675.721,608.392,0.0136274
Incremental,896.217,870.616,0.0089186
Incremental,1163.16,936.152,0.0536816
Incremental,1211.64,982.663,0.0279527
Incremental,1250.57,1162.89,0.0272909
Incremental,1426.79,1403.36,0.0123024
Incremental,1667.27,1501.67,0.0305940
Incremental,1771.96,1632.74,0.0574780
Full,1899.93,122.509,0.1569126
Incremental,388.675,188.045,0.0329153
Incremental,457.963,204.429,0.0545559
Incremental,479.025,401.037,0.0154010
Incremental,700.476,693.308,0.0096201
Full,1013.39,262.041,0.0946604
Incremental,554.588,374.088,0.0321481
Incremental,691.703,439.624,0.0287042
Incremental,704.888,595.272,0.0519985
Full,873.637,182.682,0.0813536
Incremental,455.099,182.682,0.0533148
Incremental,447.824,220.893,0.0575644
Full,487.06,24.205,0.0852448
Incremental,323.727,237.197,0.0246005
Incremental,501.423,479.022,0.0103134
Incremental,776.178,727.504,0.0150009
Full,1013.85,308.727,0.1001327
Incremental,571.767,378.359,0.0230960
Incremental,648.441,579.063,0.0150200
Incremental,866.517,726.519,0.0303140
Incremental,1043.32,857.591,0.0401363
Full,1130.01,5.099,0.1542144
Incremental,271.266,43.311,0.0384992
Incremental,309.269,193.488,0.0201195
Incremental,497.326,324.56,0.0371489
Incremental,607.233,497.613,0.0178777
Incremental,797.598,759.837,0.0111859
Incremental,1025.87,1008.59,0.0130584
Full,1289.44,37.867,0.1137054
Incremental,305.307,256.41,0.0132844
Incremental,577.899,499.529,0.0301415
Incremental,777.173,499.529,0.0541806
Incremental,777.182,600.554,0.0954406
Full,867.745,21.483,0.0985649
Incremental,302.336,182.682,0.0193971
Full,503.37,136.171,0.0383717
Incremental,411.533,289.178,0.0204055
Incremental,591.9,551.322,0.0117790
Incremental,853.483,829.931,0.0120278
Full,1115.97,51.61,0.1305318
Incremental,338.749,234.556,0.0169813
Incremental,535.194,332.86,0.0542811
Incremental,628.506,496.7,0.0406028
Incremental,768.093,515.805,0.0608114
Full,794.826,141.615,0.0753402
Incremental,413.67,319.17,0.0121629
Incremental,643.185,562.289,0.0138652
Full,862.928,136.171,0.0842034
Incremental,460.139,300.011,0.0256075
Incremental,567.196,506.266,0.0324188
Incremental,794.557,783.42,0.0115864
Incremental,1110.34,1040.28,0.0178731
Full,1319.97,5.099,0.3479655
Incremental,275.261,103.403,0.0623933
Incremental,368.546,237.197,0.0225921
Incremental,517.922,387.375,0.0340145
Incremental,654.476,612.488,0.0207178
Incremental,887.535,802.252,0.0156921
Incremental,1100.19,1048.09,0.0095982
Incremental,1338.47,1113.63,0.0432051
Incremental,1381.96,1154.59,0.0395281
Incremental,1420.11,1381.32,0.0157501
Incremental,1686.43,1643.55,0.0132844
Incremental,1922.22,1709.08,0.0271085
Incremental,1999.37,1741.85,0.0498220
Full,2008.02,37.867,0.2224858
Incremental,352.512,220.813,0.0228942
Incremental,560.479,401.037,0.0222440
Incremental,675.63,663.342,0.0111128
Incremental,954.286,811.39,0.0193494
Incremental,1118.54,1042.38,0.0182213
Incremental,1344.17,1187.19,0.0208682
Incremental,1482.84,1299.24,0.0504780
Incremental,1589.45,1463.08,0.0681831
Full,1762.9,5.099,0.1877562
Incremental,282.752,106.125,0.0240959
Incremental,385.954,220.813,0.0289814
Incremental,533.41,370.991,0.0466265
Incremental,696.193,617.851,0.0135692
Incremental,885.546,860.97,0.0095551
Incremental,1131.1,997.593,0.0460022
Full,1323.85,70.635,0.2035296
Incremental,407.357,286.349,0.0195473
Incremental,572.058,400.444,0.0574785
Incremental,668.685,498.748,0.0619884
Incremental,794.394,564.284,0.0385742
Incremental,868.661,565.304,0.0371460
Full,833.31,155.277,0.0843854
Incremental,440.428,379.37,0.0136548
Incremental,711.577,688.025,0.0124152
Incremental,972.953,802.713,0.0491622
Full,1075.13,106.205,0.2041471
Incremental,378.967,171.741,0.0333637
