GC_TYPE,HEAP_BEFORE,HEAP_AFTER,TIME_TAKEN_NO_ISOLATES
Incremental,262.957,66.274,0.0195717
Full,340.614,136.811,0.0264780
Incremental,429.596,389.146,0.0078592
Full,659.658,443.721,0.0297635
Incremental,747.906,690.169,0.0089751
Incremental,968.552,957.153,0.0087557
Incremental,1237.1,1222,0.0058399
Incremental,1502.07,1488.76,0.0062584
Full,1754.13,991.089,0.0484899
Incremental,1259.48,1248.21,0.0064683
Incremental,1563.49,1550.17,0.0064012
Incremental,1819.82,1703.95,0.0288890
Incremental,1971.43,1904.39,0.0135832
Full,2180.94,1705.97,0.0545783
Incremental,1977.37,1939.83,0.0084264
Incremental,2209.6,2130.78,0.0166790
Incremental,2403.09,2281.03,0.0124428
Incremental,2564.64,2333.76,0.0187557
Full,2611.63,348.395,0.1148319
Incremental,634.209,577.354,0.0088010
Incremental,855.516,816.468,0.0068795
Incremental,1094.05,1049.24,0.0071671
Incremental,1374.43,1328.97,0.0077396
Incremental,1591.46,1556.37,0.0069086
Incremental,1833.78,1773.48,0.0076867
Incremental,2097.95,2085.53,0.0054145
Incremental,2350.3,2322.51,0.0183456
Incremental,2585.75,2481.2,0.0155336
Incremental,2768.66,2698.35,0.0161411
Incremental,2975.25,2915.99,0.0104190
Full,3187.47,2098.11,0.0849808
Incremental,2372.31,2257.1,0.0141861
Incremental,2540.49,2431.06,0.0130327
Incremental,2721.73,2521.73,0.0160060
Incremental,2827.75,2715.27,0.0135316
Incremental,3005.01,2962.39,0.0070451
Incremental,3231.57,3183.57,0.0070572
Incremental,3489.16,3475.84,0.0066704
Incremental,3746.42,3730.92,0.0073010
Full,4020.23,1756.59,0.1226843
Incremental,2053.4,1984.9,0.0098417
Incremental,2270.39,2224.93,0.0120508
Incremental,2489.68,2426.78,0.0305039
Incremental,2690.53,2627.23,0.0126701
Incremental,2889.85,2781.36,0.0217012
Incremental,3067.67,2899.91,0.0163218
Incremental,3188.99,3146.29,0.0093831
Incremental,3418.31,3254.87,0.0160170
Full,3526.33,1135.01,0.1356625
Incremental,1433.06,1321.95,0.0184743
Incremental,1615.53,1495.71,0.0112128
Incremental,1792.12,1760.76,0.0067415
Incremental,2027.69,1987.76,0.0071104
Incremental,2251.72,2219.69,0.0069778
Incremental,2535.07,2482.97,0.0077304
Incremental,2775.99,2703.37,0.0111041
Incremental,3013.32,2924.95,0.0109615
Incremental,3187.34,3173.69,0.0142895
Incremental,3436.55,3324.03,0.0159862
Incremental,3586.6,3503.4,0.0104769
Incremental,3773.3,3692.56,0.0211603
Full,3955.86,1864.73,0.1269227
Incremental,2159.28,2060.3,0.0128075
Incremental,2325.68,2244.84,0.0237052
Incremental,2507.31,2431.11,0.0105145
Incremental,2700.38,2620.47,0.0114098
Incremental,2919.88,2811.14,0.0112292
Incremental,3091.76,3029.29,0.0087720
Incremental,3333.66,3290.26,0.0077369
Incremental,3619.21,3555.19,0.0087270
Incremental,3824.55,3802.23,0.0096682
Incremental,4069.86,3979.7,0.0106391
Full,4303.9,2070.54,0.1287077
Incremental,2399.62,2331.07,0.0247523
Incremental,2595.18,2531.9,0.0292983
Incremental,2794.84,2709.81,0.0185331
Incremental,2977.49,2916.84,0.0120148
Incremental,3180.14,3134.54,0.0105975
Incremental,3431.65,3320.61,0.0178444
Incremental,3588.18,3504.34,0.0101487
Full,3766.6,1369.13,0.1551218
Incremental,1662.33,1539.23,0.0134757
Incremental,1807.05,1734.67,0.0110262
Incremental,2061.85,1996.94,0.0084281
Incremental,2261.61,2207.43,0.0097970
Incremental,2534.48,2478.36,0.0095046
Incremental,2741.68,2708.62,0.0116768
Incremental,3016.89,2930.43,0.0102598
Incremental,3196.04,3145.94,0.0260140
Incremental,3408.57,3376.81,0.0244518
Incremental,3695.22,3567.62,0.0157247
Incremental,3838.87,3808.17,0.0223618
Full,4087.64,1555.96,0.1580242
Incremental,1820.09,1696.82,0.0139948
Incremental,1994.5,1926.92,0.0184003
Incremental,2196.51,2110.31,0.0117962
Incremental,2373.88,2313.59,0.0088076
Incremental,2576.6,2490.46,0.0129965
Incremental,2832.88,2763.35,0.0106766
Incremental,3064.55,2981.72,0.0103350
Incremental,3286.26,3210.07,0.0128499
Incremental,3502.34,3423.85,0.0109617
Incremental,3686.44,3637.42,0.0085712
Incremental,3903.12,3841.31,0.0335237
Full,4114.77,1756.76,0.1583561
Incremental,2019.48,1923.16,0.0173791
Incremental,2201.67,2166.87,0.0274698
Incremental,2451.74,2428.19,0.0082226
Incremental,2691.75,2580.28,0.0123301
Incremental,2857.78,2810.87,0.0156267
Incremental,3077.78,2993.81,0.0112213
Incremental,3257.14,3153.64,0.0121668
Incremental,3428.51,3363.99,0.0082848
Incremental,3629.1,3542.86,0.0129078
Incremental,3814.52,3716.68,0.0138848
Incremental,4018.55,3994.23,0.0066660
Incremental,4336.18,4263.58,0.0098593
Full,4573.99,2163.19,0.1413406
Incremental,2427.38,2378.72,0.0263374
Incremental,2665.45,2517.1,0.0159384
Incremental,2788.91,2700.84,0.0158403
Incremental,2973.79,2879.71,0.0124813
Incremental,3152.22,3078.19,0.0296858
Incremental,3349.5,3251.44,0.0152522
Incremental,3517.8,3467.84,0.0112371
Incremental,3737.7,3662.71,0.0104755
Incremental,3928.93,3868.3,0.0095041
Full,4176.69,1054.39,0.1663563
Incremental,1338.17,1234.35,0.0125559
Incremental,1530.07,1493.96,0.0087600
Incremental,1784.55,1753.96,0.0071216
Incremental,2029.42,2004.95,0.0073797
Incremental,2329.6,2269.52,0.0115300
Incremental,2540.37,2493.89,0.0090610
Incremental,2762.95,2715.04,0.0111895
Incremental,2977.34,2880.87,0.0291086
Incremental,3154.69,3065.73,0.0114498
Incremental,3357.75,3286.58,0.0203689
Incremental,3588.72,3526.48,0.0105457
Incremental,3808.07,3776.91,0.0211268
Full,4056.8,2001.78,0.1315583
Incremental,2275.84,2184.77,0.0145247
Incremental,2459.86,2294.47,0.0152245
Incremental,2611.26,2522.89,0.0103227
Incremental,2835.95,2786.49,0.0093035
Incremental,3071.93,2986.26,0.0100006
Incremental,3265.07,3233.57,0.0070001
Incremental,3505.88,3483.34,0.0069372
Incremental,3856.62,3769.78,0.0123783
Incremental,4032.43,3951.47,0.0163034
Incremental,4228.68,4164.62,0.0104304
Incremental,4452.01,4373.8,0.0285085
Full,4658.57,2113.74,0.1447425
Incremental,2376.39,2341.91,0.0112198
Incremental,2604.56,2499.32,0.0131959
Incremental,2761.97,2742.58,0.0194100
Incremental,3035.69,2950.42,0.0123991
Incremental,3212.82,3175.27,0.0119637
Incremental,3496.56,3360.3,0.0128952
Incremental,3647.09,3596.88,0.0114438
Incremental,3915.32,3830.43,0.0099848
Incremental,4123.44,4073.51,0.0084508
Incremental,4367.08,4286.76,0.0096025
Incremental,4555.47,4534.58,0.0069284
Incremental,4808.99,4760.26,0.0138617
Full,5022.83,2143.21,0.1712539
Incremental,2409.57,2365.43,0.0111694
Incremental,2688.1,2564.6,0.0151747
Incremental,2869.7,2764.77,0.0223990
Incremental,3036.08,2982.91,0.0222539
Incremental,3262.28,3193.4,0.0119346
Incremental,3460.51,3384.54,0.0105950
Incremental,3703.84,3632.24,0.0098278
Incremental,3931.1,3836.73,0.0137866
Incremental,4101.01,3984.03,0.0116624
Incremental,4251.34,4179.86,0.0125356
Incremental,4456.26,4348.28,0.0125561
Incremental,4634.33,4566.61,0.0087122
Incremental,4836.91,4812.47,0.0064883
Full,5082.57,2054.4,0.1771799
Incremental,2343.26,2236.8,0.0130956
Incremental,2502.81,2449.94,0.0228656
Incremental,2754.89,2669.35,0.0134416
Incremental,2937.97,2869.86,0.0278549
Incremental,3179.86,3097.05,0.0104184
Incremental,3389.26,3329.39,0.0111523
Incremental,3598.28,3501.07,0.0143245
Incremental,3767.65,3701.08,0.0121755
Incremental,3989.99,3802.13,0.0151782
Incremental,4094.15,3999.87,0.0102051
Incremental,4281.51,4232.49,0.0078313
Incremental,4497.35,4461.49,0.0081138
Incremental,4731.68,4650.39,0.0091352
Full,4915.72,1945.1,0.1803969
Incremental,2211.65,2156.08,0.0143629
Incremental,2434.05,2365.79,0.0102143
Incremental,2638.89,2572.53,0.0219585
Incremental,2842.27,2790.38,0.0262585
Incremental,3063.24,2960.89,0.0129320
Incremental,3256.98,3148.98,0.0248903
Incremental,3427.43,3323.52,0.0233415
Incremental,3586.19,3524.89,0.0192677
Incremental,3806.76,3736.58,0.0093861
Incremental,4001.19,3915.39,0.0198273
Full,4178.61,1345.42,0.1758774
Incremental,1632.46,1543.24,0.0113416
Incremental,1888.4,1871,0.0069766
Incremental,2135.17,2080.87,0.0091073
Incremental,2363.12,2315.35,0.0106596
Incremental,2582.12,2494.45,0.0111033
Incremental,2763.91,2734.2,0.0084040
Incremental,3022.66,2972.19,0.0094493
Incremental,3250.85,3179.48,0.0122142
Incremental,3448.76,3370.02,0.0156984
Incremental,3632.52,3549.86,0.0155085
Incremental,3841.62,3728.08,0.0141024
Incremental,3992.21,3973.93,0.0266741
Incremental,4244.24,4159.37,0.0122352
Incremental,4442.72,4368.51,0.0289038
Full,4665.35,1629.1,0.2370327
Incremental,1909.13,1864.17,0.0105399
Incremental,2158.57,2084.34,0.0176113
Incremental,2400.28,2272.59,0.0182043
Incremental,2537.16,2487.87,0.0120037
Incremental,2779.97,2663.19,0.0132553
Incremental,2931.66,2874.38,0.0108702
Incremental,3138.61,3072.28,0.0125473
Incremental,3343.39,3306.06,0.0164639
Incremental,3597.25,3488.84,0.0187084
Incremental,3752.64,3676.34,0.0192973
Incremental,3939.47,3913.04,0.0213805
Incremental,4195.24,4151.82,0.0169181
Incremental,4415.77,4281.27,0.0147966
Incremental,4576.46,4404,0.0148165
Full,4673.32,1517.01,0.1800068
Incremental,1784.44,1676.38,0.0158091
Incremental,1968.97,1900.99,0.0092463
Incremental,2175.86,2085.2,0.0142777
Incremental,2352.97,2298.82,0.0161991
Incremental,2317.93,2317.93,0.0068023
Incremental,2595.89,2525.56,0.0201757
Incremental,2795.66,2780.16,0.0072549
Incremental,3073.16,2963.12,0.0112876
Incremental,3226.8,3208.91,0.0095349
Incremental,3477.47,3379.42,0.0121717
Incremental,3648.7,3502.46,0.0226292
Incremental,3789.52,3685.57,0.0142615
Incremental,3978.48,3929.46,0.0084965
Incremental,4205.68,4141.09,0.0196527
Full,4415.93,1451.07,0.1813503
Incremental,1728.33,1640.38,0.0112701
Incremental,1923.42,1835.71,0.0144894
Incremental,2110.78,2023.17,0.0144874
Incremental,2324.45,2237.76,0.0102927
Incremental,2514.55,2462.51,0.0144449
Incremental,2727.83,2638.8,0.0297870
Incremental,2930.11,2853.12,0.0181438
Incremental,3119.62,3068.55,0.0084544
Incremental,3337.14,3280.42,0.0089976
Incremental,3543.01,3496.26,0.0109558
Incremental,3758.88,3742.05,0.0097711
Incremental,4012.88,3892.39,0.0169802
Incremental,4172.82,4087.96,0.0108572
Full,4375.15,1859.83,0.1565160
Incremental,2132.3,2037.47,0.0139944
Incremental,2329.57,2228.27,0.0138839
Incremental,2516.43,2385.14,0.0186020
Incremental,2674.32,2639.71,0.0161200
Incremental,2924.31,2872.22,0.0083503
Incremental,3137.15,3084.34,0.0132843
Incremental,3404.13,3323.2,0.0116074
Incremental,3599.64,3528.47,0.0152157
Incremental,3791.85,3705.95,0.0116287
Incremental,3975.79,3868.77,0.0104176
Incremental,4133.11,4086.1,0.0103873
Incremental,4351.24,4268.34,0.0150352
Full,4546.43,2019.93,0.1534406
Incremental,2312.25,2261.18,0.0123102
Incremental,2523.53,2476.65,0.0151594
Incremental,2739.46,2653.49,0.0271095
Incremental,2934.34,2833.22,0.0264311
Incremental,3123.26,3052.05,0.0098784
Incremental,3329.28,3290.07,0.0134779
Incremental,3562.16,3460.64,0.0120655
Incremental,3737.76,3691.13,0.0080319
Incremental,3995.14,3908.16,0.0117327
Incremental,4173.2,4036.35,0.0172465
Full,4325.27,1912.07,0.1463617
Incremental,2220.38,2097.9,0.0175624
Incremental,2370.71,2307.84,0.0128212
Incremental,2573.84,2520.02,0.0219176
Incremental,2809.02,2787.62,0.0107148
Incremental,3055.78,2963.02,0.0159111
Incremental,3242.32,3131.18,0.0131581
Incremental,3432.14,3324.19,0.0126753
Incremental,3586.36,3481.27,0.0197711
Incremental,3756.03,3657.98,0.0131637
Full,3931.68,1760.82,0.1370369
Incremental,2077.51,2016.36,0.0105735
Incremental,2283.69,2233.74,0.0137512
Incremental,2526.2,2441.21,0.0093343
Incremental,2793.26,2715.18,0.0201002
Incremental,3029.42,2981.41,0.0080774
Incremental,3243.81,3168.7,0.0270492
Incremental,3451.39,3409.76,0.0108849
Incremental,3683.94,3595.9,0.0130910
