GC_TYPE,HEAP_BEFORE,HEAP_AFTER,TIME_TAKEN,GC_TIMESTAMP
Incremental,261.11,4.079,0.0090638,27
Full,265.189,4.079,0.0109857,47
Incremental,265.189,5.099,0.0065683,66
Full,266.209,6.119,0.0188876,91
Incremental,267.229,6.119,0.0055566,104
Incremental,267.229,7.139,0.0058288,113
Incremental,268.249,7.139,0.0053868,123
Full,268.249,7.139,0.0192581,149
Incremental,268.249,8.159,0.0062598,164
Incremental,269.269,9.179,0.0060377,175
Incremental,270.289,10.199,0.0064790,189
Full,271.309,10.199,0.0235057,219
Incremental,271.309,12.239,0.0082652,242
Incremental,273.349,12.239,0.0060561,253
Incremental,273.349,13.259,0.0063194,265
Incremental,274.369,13.259,0.0055861,275
Full,274.369,13.259,0.0397573,321
Incremental,274.369,15.299,0.0330403,396
Incremental,276.409,17.339,0.0201138,545
Full,278.449,18.359,0.0786767,686
Incremental,279.469,20.399,0.0346102,821
Incremental,281.509,21.419,0.0219658,1028
Incremental,282.529,22.439,0.0162300,1291
Full,283.549,20.399,0.0565529,1897
Incremental,281.509,20.399,0.0137884,3800
Incremental,281.509,20.399,0.0096928,5703
Incremental,281.509,20.399,0.0080159,6186
Incremental,281.509,20.399,0.0056136,6584
Incremental,281.509,20.399,0.0030906,14064
Incremental,281.509,20.399,0.0049604,15749
Full,281.509,13.259,0.0272475,16271
Incremental,274.369,13.259,0.0037078,16618
